p1
time 9.848682165145874
cost 8985
facility state [1, 1, 1, 1, 1, 1, 1, 0, 1, 1]
customer state [8, 2, 1, 6, 3, 8, 2, 4, 4, 1, 9, 0, 3, 2, 8, 3, 4, 0, 9, 4, 3, 4, 6, 4, 2, 5, 1, 5, 0, 5, 2, 6, 0, 3, 9, 4, 4, 3, 0, 4, 1, 8, 1, 5, 4, 0, 2, 0, 4, 0]

p2
time 9.718816757202148
cost 7940
facility state [1, 1, 1, 1, 1, 1, 1, 1, 1, 0]
customer state [8, 2, 1, 6, 3, 8, 2, 4, 4, 1, 4, 0, 3, 2, 8, 3, 4, 0, 6, 7, 3, 2, 6, 4, 2, 5, 1, 5, 0, 5, 2, 6, 0, 3, 4, 4, 4, 3, 0, 4, 1, 8, 1, 5, 7, 0, 4, 0, 4, 0]

p3
time 9.466161012649536
cost 9678
facility state [1, 1, 1, 1, 1, 1, 0, 0, 1, 1]
customer state [8, 2, 1, 5, 3, 8, 2, 4, 4, 1, 9, 0, 3, 2, 8, 3, 4, 0, 9, 4, 3, 2, 9, 4, 2, 5, 1, 5, 0, 5, 2, 5, 0, 3, 9, 4, 4, 3, 0, 4, 1, 8, 1, 5, 4, 0, 2, 0, 4, 0]

p4
time 9.69756555557251
cost 10954
facility state [1, 1, 1, 1, 1, 0, 1, 0, 1, 0]
customer state [0, 2, 1, 6, 3, 8, 2, 4, 4, 1, 4, 8, 3, 2, 8, 3, 4, 0, 6, 4, 3, 8, 6, 4, 2, 6, 3, 6, 0, 1, 2, 6, 0, 3, 2, 4, 4, 0, 0, 4, 1, 8, 1, 6, 4, 0, 2, 3, 4, 0]

p5
time 10.06436276435852
cost 9137
facility state [1, 1, 1, 1, 1, 0, 1, 1, 1, 1]
customer state [8, 8, 1, 6, 3, 8, 2, 9, 4, 1, 9, 8, 3, 2, 8, 3, 4, 0, 9, 7, 3, 7, 6, 4, 2, 6, 1, 1, 0, 1, 2, 6, 0, 3, 9, 4, 4, 3, 8, 4, 1, 8, 1, 6, 7, 0, 2, 0, 7, 0]

p6
time 9.97243070602417
cost 7907
facility state [1, 1, 1, 1, 1, 1, 1, 1, 1, 1]
customer state [8, 8, 1, 6, 3, 8, 2, 4, 2, 1, 9, 8, 3, 2, 8, 3, 4, 0, 9, 7, 3, 8, 6, 4, 2, 5, 1, 5, 0, 1, 2, 6, 0, 3, 9, 4, 4, 3, 0, 4, 1, 8, 1, 5, 7, 0, 9, 3, 4, 0]

p7
time 10.066269397735596
cost 9625
facility state [1, 1, 1, 1, 1, 0, 1, 1, 1, 1]
customer state [8, 8, 1, 6, 1, 8, 2, 4, 4, 1, 9, 8, 3, 2, 8, 3, 4, 0, 9, 7, 3, 8, 6, 4, 2, 6, 1, 1, 0, 1, 2, 6, 0, 3, 9, 4, 7, 3, 0, 4, 1, 8, 1, 6, 7, 0, 9, 3, 4, 0]

p8
time 10.113304615020752
cost 11433
facility state [1, 1, 1, 1, 1, 0, 1, 1, 1, 1]
customer state [8, 8, 1, 6, 3, 8, 2, 4, 4, 1, 9, 8, 3, 2, 8, 3, 4, 0, 9, 7, 3, 8, 6, 4, 2, 6, 1, 1, 0, 1, 2, 6, 0, 3, 9, 4, 4, 3, 0, 4, 1, 0, 1, 6, 7, 0, 2, 3, 7, 0]

p9
time 8.910385608673096
cost 9031
facility state [1, 1, 1, 1, 0, 0, 1, 1, 1, 1]
customer state [8, 8, 1, 6, 3, 8, 2, 9, 2, 1, 9, 8, 3, 2, 8, 3, 2, 0, 9, 7, 3, 8, 6, 7, 2, 6, 1, 1, 0, 1, 2, 6, 0, 3, 9, 7, 7, 3, 0, 2, 1, 8, 1, 6, 7, 0, 2, 0, 7, 0]

p10
time 9.172668695449829
cost 7724
facility state [1, 1, 1, 1, 1, 1, 1, 0, 1, 0]
customer state [8, 8, 1, 6, 3, 8, 2, 4, 4, 1, 4, 8, 3, 2, 8, 3, 2, 0, 6, 4, 3, 8, 6, 4, 2, 6, 1, 5, 0, 5, 2, 6, 0, 3, 4, 4, 4, 3, 0, 4, 1, 8, 1, 5, 4, 0, 2, 0, 4, 0]

p11
time 8.851669073104858
cost 9062
facility state [1, 1, 1, 1, 1, 0, 1, 0, 1, 0]
customer state [8, 8, 1, 6, 1, 8, 2, 4, 4, 1, 4, 8, 0, 2, 8, 3, 2, 0, 6, 4, 3, 8, 6, 4, 2, 6, 1, 1, 8, 1, 2, 6, 0, 3, 4, 4, 4, 3, 0, 4, 1, 8, 1, 6, 4, 0, 2, 0, 4, 0]

p12
time 8.693775177001953
cost 10277
facility state [1, 1, 1, 0, 1, 0, 1, 0, 1, 0]
customer state [8, 8, 1, 6, 1, 8, 2, 4, 4, 1, 4, 8, 0, 2, 8, 0, 4, 0, 6, 4, 1, 8, 6, 4, 2, 6, 1, 1, 8, 1, 2, 6, 0, 1, 2, 4, 4, 0, 0, 4, 1, 8, 1, 6, 4, 0, 2, 0, 2, 0]

p13
time 10.038275718688965
cost 9604
facility state [1, 1, 0, 0, 0, 1, 1, 0, 0, 1, 1, 0, 1, 1, 0, 1, 0, 1, 0, 1]
customer state [0, 12, 10, 10, 19, 13, 17, 13, 12, 17, 15, 19, 19, 6, 13, 12, 15, 10, 17, 9, 15, 5, 15, 12, 6, 17, 0, 1, 1, 17, 13, 15, 13, 0, 1, 10, 1, 19, 19, 13, 6, 0, 5, 0, 9, 5, 1, 10, 19, 9]

p14
time 10.189182996749878
cost 8204
facility state [1, 0, 0, 0, 0, 0, 1, 0, 0, 0, 1, 1, 1, 1, 1, 1, 1, 1, 0, 1]
customer state [16, 12, 10, 10, 19, 13, 17, 13, 14, 17, 15, 19, 19, 10, 13, 11, 15, 6, 17, 6, 14, 15, 15, 19, 6, 11, 0, 17, 19, 17, 13, 14, 13, 16, 12, 10, 11, 19, 19, 13, 6, 0, 0, 0, 11, 13, 14, 14, 19, 6]

p15
time 9.89920711517334
cost 10335
facility state [0, 0, 0, 1, 0, 0, 1, 1, 0, 0, 1, 0, 0, 1, 0, 1, 1, 1, 0, 1]
customer state [16, 3, 10, 10, 13, 19, 17, 13, 10, 17, 15, 19, 19, 10, 19, 3, 15, 10, 19, 10, 15, 15, 7, 19, 6, 17, 16, 17, 3, 17, 13, 7, 19, 16, 3, 7, 3, 19, 19, 13, 6, 16, 15, 16, 6, 15, 7, 10, 13, 6]

p16
time 9.891655445098877
cost 12496
facility state [0, 0, 0, 0, 0, 0, 0, 0, 0, 1, 1, 0, 1, 1, 1, 1, 1, 1, 0, 1]
customer state [16, 12, 10, 16, 17, 15, 17, 13, 14, 19, 16, 19, 13, 10, 13, 12, 15, 10, 12, 9, 14, 15, 15, 19, 9, 17, 16, 17, 12, 17, 13, 15, 13, 16, 19, 10, 17, 14, 19, 13, 9, 16, 15, 16, 12, 13, 14, 10, 19, 9]

p17
time 9.87352442741394
cost 9795
facility state [0, 1, 0, 0, 1, 0, 0, 1, 0, 1, 1, 0, 1, 1, 0, 1, 1, 1, 0, 0]
customer state [16, 12, 10, 10, 12, 15, 17, 13, 12, 17, 15, 4, 12, 9, 13, 12, 15, 10, 4, 9, 12, 15, 15, 13, 9, 17, 16, 17, 1, 1, 13, 7, 13, 16, 1, 10, 1, 1, 4, 13, 9, 16, 7, 16, 9, 13, 12, 10, 4, 9]

p18
time 10.18008804321289
cost 8265
facility state [0, 1, 0, 1, 0, 0, 1, 0, 0, 0, 1, 0, 1, 1, 1, 1, 1, 1, 0, 1]
customer state [16, 12, 10, 10, 1, 15, 17, 13, 14, 17, 10, 19, 1, 6, 13, 3, 15, 10, 1, 6, 14, 15, 15, 19, 6, 17, 16, 17, 1, 17, 13, 14, 13, 16, 3, 10, 3, 1, 19, 13, 6, 16, 16, 10, 12, 13, 14, 6, 19, 6]

p19
time 9.878618240356445
cost 10408
facility state [1, 1, 0, 0, 0, 0, 0, 0, 0, 1, 1, 0, 0, 1, 1, 1, 0, 1, 0, 1]
customer state [0, 14, 10, 10, 1, 1, 17, 13, 9, 17, 0, 1, 19, 14, 13, 10, 15, 10, 17, 9, 14, 15, 15, 13, 14, 17, 0, 19, 1, 17, 13, 15, 19, 0, 1, 10, 17, 19, 19, 13, 9, 0, 15, 0, 9, 13, 14, 10, 19, 9]

p20
time 9.863529920578003
cost 12593
facility state [0, 0, 0, 1, 0, 0, 0, 1, 0, 1, 1, 0, 0, 1, 1, 1, 1, 1, 0, 1]
customer state [16, 7, 10, 14, 14, 13, 3, 13, 14, 17, 15, 19, 19, 10, 13, 14, 15, 10, 19, 9, 15, 15, 7, 19, 9, 17, 16, 17, 3, 17, 13, 7, 13, 16, 3, 10, 3, 19, 19, 13, 14, 15, 16, 16, 17, 15, 14, 10, 19, 9]

p21
time 9.683191061019897
cost 9103
facility state [1, 1, 0, 0, 0, 0, 1, 0, 0, 1, 1, 0, 0, 1, 1, 1, 0, 1, 0, 1]
customer state [0, 19, 10, 10, 19, 13, 17, 13, 14, 17, 0, 19, 1, 10, 13, 14, 15, 10, 17, 9, 14, 15, 15, 19, 6, 1, 0, 17, 17, 17, 13, 15, 19, 0, 1, 10, 17, 19, 19, 13, 6, 0, 0, 0, 9, 14, 14, 6, 19, 9]

p22
time 9.918416261672974
cost 8088
facility state [1, 0, 0, 1, 0, 0, 1, 1, 0, 1, 1, 0, 1, 1, 0, 1, 0, 1, 0, 1]
customer state [0, 12, 7, 10, 19, 15, 17, 13, 3, 17, 15, 19, 19, 6, 13, 12, 15, 7, 17, 9, 12, 15, 7, 19, 6, 17, 0, 17, 3, 17, 13, 7, 19, 0, 3, 10, 3, 12, 19, 13, 3, 0, 15, 0, 9, 13, 12, 10, 19, 9]

p23
time 9.597949266433716
cost 10070
facility state [1, 1, 0, 0, 0, 0, 1, 1, 0, 0, 1, 0, 0, 1, 1, 0, 0, 1, 0, 1]
customer state [0, 1, 7, 10, 19, 1, 17, 13, 14, 17, 7, 19, 1, 6, 13, 1, 7, 10, 1, 6, 14, 7, 0, 19, 6, 17, 0, 17, 17, 17, 13, 7, 13, 0, 1, 10, 17, 19, 19, 13, 10, 0, 0, 7, 6, 13, 7, 10, 19, 6]

p24
time 9.354219436645508
cost 11800
facility state [0, 1, 0, 1, 0, 0, 0, 0, 0, 1, 1, 0, 0, 1, 0, 1, 1, 1, 0, 1]
customer state [16, 1, 10, 10, 19, 1, 17, 13, 1, 17, 16, 19, 1, 10, 13, 3, 15, 10, 1, 9, 17, 15, 15, 1, 10, 1, 16, 17, 3, 17, 13, 15, 13, 16, 3, 10, 3, 1, 19, 13, 10, 16, 15, 16, 3, 13, 15, 10, 19, 9]

p25
time 67.44565677642822
cost 13589
facility state [1, 0, 1, 0, 0, 1, 0, 1, 1, 0, 0, 1, 0, 0, 0, 0, 0, 1, 0, 0, 1, 0, 0, 0, 1, 0, 0, 0, 0, 0]
customer state [20, 11, 8, 2, 20, 5, 0, 24, 8, 17, 5, 20, 8, 20, 7, 8, 17, 0, 5, 11, 7, 0, 5, 2, 24, 8, 2, 24, 5, 24, 5, 5, 20, 11, 20, 20, 24, 24, 0, 17, 0, 8, 24, 8, 24, 0, 7, 20, 11, 8, 5, 8, 17, 5, 20, 20, 2, 5, 11, 17, 0, 5, 20, 11, 0, 11, 24, 0, 24, 24, 20, 20, 11, 0, 24, 8, 24, 20, 2, 24, 20, 7, 20, 17, 7, 17, 17, 7, 20, 5, 0, 24, 0, 0, 7, 5, 0, 2, 11, 20, 8, 17, 0, 11, 2, 5, 7, 11, 8, 8, 0, 2, 2, 11, 11, 11, 24, 24, 24, 24, 5, 8, 11, 20, 8, 0, 5, 24, 0, 11, 0, 11, 24, 11, 8, 8, 7, 5, 20, 17, 0, 8, 20, 2, 8, 11, 5, 5, 2, 5]

p26
time 70.20729756355286
cost 11254
facility state [1, 0, 1, 0, 0, 1, 0, 0, 1, 0, 0, 1, 0, 0, 1, 0, 0, 1, 0, 0, 1, 0, 0, 0, 1, 1, 0, 0, 0, 0]
customer state [20, 25, 20, 14, 20, 5, 0, 24, 14, 17, 24, 8, 8, 20, 0, 14, 14, 17, 5, 11, 2, 11, 24, 2, 24, 8, 2, 24, 5, 24, 5, 25, 8, 25, 20, 20, 24, 24, 11, 14, 0, 14, 24, 14, 24, 14, 0, 20, 0, 8, 5, 14, 14, 5, 20, 20, 17, 11, 25, 14, 0, 5, 20, 11, 0, 11, 24, 0, 11, 24, 20, 20, 11, 0, 24, 8, 24, 20, 14, 24, 20, 0, 20, 17, 17, 17, 17, 0, 20, 5, 2, 24, 0, 11, 0, 5, 2, 0, 11, 20, 8, 11, 17, 25, 2, 25, 17, 11, 14, 14, 14, 14, 2, 11, 11, 11, 24, 24, 24, 24, 5, 14, 25, 20, 8, 0, 5, 24, 0, 25, 0, 11, 24, 5, 8, 14, 11, 5, 20, 17, 0, 8, 20, 14, 8, 25, 25, 5, 2, 5]

p27
time 66.27394366264343
cost 13377
facility state [1, 0, 1, 0, 0, 1, 0, 1, 0, 0, 0, 1, 0, 0, 1, 0, 0, 1, 0, 0, 1, 0, 0, 0, 1, 0, 0, 0, 1, 0]
customer state [20, 11, 20, 2, 20, 5, 2, 24, 28, 17, 24, 20, 28, 20, 7, 14, 14, 17, 5, 11, 14, 0, 24, 17, 24, 20, 2, 24, 24, 24, 5, 11, 20, 11, 20, 20, 24, 24, 7, 14, 0, 14, 24, 28, 24, 14, 7, 20, 11, 14, 11, 28, 14, 5, 20, 20, 17, 11, 11, 14, 0, 5, 20, 11, 11, 11, 24, 0, 0, 24, 20, 20, 11, 0, 24, 20, 24, 20, 2, 24, 20, 7, 20, 17, 17, 17, 17, 7, 20, 5, 2, 24, 7, 11, 7, 24, 2, 14, 11, 28, 28, 17, 17, 11, 2, 5, 0, 11, 14, 28, 14, 14, 2, 11, 11, 0, 24, 24, 24, 24, 5, 14, 11, 20, 20, 0, 5, 24, 0, 11, 0, 11, 24, 11, 14, 14, 7, 5, 20, 17, 0, 28, 20, 14, 20, 11, 11, 5, 2, 5]

p28
time 67.49193954467773
cost 17572
facility state [1, 0, 0, 0, 0, 1, 0, 1, 1, 1, 0, 1, 0, 0, 0, 0, 0, 1, 0, 1, 1, 0, 0, 0, 0, 1, 0, 0, 0, 0]
customer state [20, 11, 20, 0, 20, 5, 19, 9, 8, 17, 9, 8, 8, 20, 19, 8, 17, 17, 5, 11, 19, 7, 9, 19, 5, 8, 19, 5, 5, 9, 5, 25, 20, 25, 20, 20, 5, 9, 7, 0, 0, 8, 9, 19, 9, 17, 0, 20, 11, 8, 25, 19, 17, 5, 20, 20, 17, 11, 0, 20, 0, 5, 20, 11, 11, 11, 9, 0, 25, 25, 20, 20, 11, 0, 9, 20, 9, 20, 19, 9, 20, 7, 20, 17, 19, 17, 0, 7, 20, 25, 19, 9, 7, 11, 0, 9, 0, 19, 25, 8, 8, 7, 0, 25, 19, 25, 7, 11, 8, 8, 0, 8, 0, 11, 11, 11, 5, 9, 5, 5, 5, 8, 25, 20, 8, 0, 5, 9, 0, 25, 0, 7, 5, 25, 8, 8, 7, 25, 20, 17, 0, 8, 20, 17, 8, 11, 25, 5, 0, 5]

p29
time 72.6292462348938
cost 13683
facility state [1, 0, 1, 0, 0, 1, 1, 1, 0, 0, 0, 1, 0, 1, 1, 1, 0, 1, 0, 0, 1, 0, 0, 0, 1, 0, 0, 0, 0, 1]
customer state [13, 11, 13, 2, 20, 5, 17, 24, 2, 17, 24, 20, 14, 20, 17, 14, 14, 17, 5, 11, 2, 7, 24, 2, 29, 20, 2, 24, 5, 15, 29, 11, 6, 29, 20, 20, 24, 15, 0, 14, 0, 14, 15, 13, 24, 14, 7, 13, 11, 14, 5, 2, 14, 5, 13, 13, 17, 29, 11, 14, 0, 5, 20, 0, 0, 11, 24, 0, 11, 29, 13, 6, 11, 17, 24, 20, 24, 20, 2, 24, 13, 7, 13, 17, 7, 17, 17, 7, 20, 5, 2, 24, 7, 11, 7, 5, 2, 2, 5, 13, 20, 7, 17, 11, 2, 29, 17, 11, 14, 14, 14, 17, 2, 11, 11, 11, 24, 24, 5, 24, 5, 6, 0, 13, 13, 0, 5, 15, 0, 29, 0, 11, 24, 29, 13, 14, 17, 5, 20, 17, 0, 20, 20, 14, 20, 11, 11, 5, 2, 5]

p30
time 72.82930493354797
cost 11797
facility state [1, 0, 1, 0, 0, 1, 0, 0, 1, 1, 0, 1, 0, 1, 1, 0, 0, 1, 0, 0, 1, 0, 0, 0, 1, 1, 0, 0, 0, 0]
customer state [13, 11, 13, 2, 20, 5, 2, 9, 14, 17, 9, 20, 8, 20, 17, 14, 14, 17, 5, 11, 2, 0, 9, 17, 5, 8, 2, 24, 5, 9, 5, 25, 13, 25, 20, 20, 24, 9, 0, 14, 0, 8, 24, 8, 24, 14, 17, 13, 11, 8, 0, 14, 14, 5, 8, 20, 14, 11, 0, 14, 0, 5, 20, 11, 11, 11, 9, 0, 9, 24, 13, 20, 11, 17, 24, 8, 9, 20, 14, 9, 20, 0, 13, 17, 0, 17, 17, 0, 20, 5, 2, 24, 0, 0, 0, 5, 2, 2, 0, 13, 13, 17, 17, 25, 2, 25, 17, 11, 14, 8, 14, 14, 2, 11, 11, 25, 24, 24, 24, 24, 5, 8, 25, 13, 8, 11, 5, 24, 0, 25, 0, 25, 24, 25, 8, 14, 17, 5, 20, 17, 0, 8, 20, 14, 8, 25, 25, 5, 2, 5]

p31
time 72.44930481910706
cost 14412
facility state [1, 0, 1, 0, 0, 1, 1, 0, 1, 0, 0, 1, 0, 0, 1, 0, 0, 1, 0, 0, 1, 0, 0, 0, 1, 1, 0, 0, 0, 1]
customer state [20, 11, 6, 2, 8, 5, 2, 24, 8, 17, 29, 8, 8, 20, 2, 14, 14, 17, 25, 11, 14, 0, 29, 17, 29, 20, 2, 5, 5, 29, 11, 25, 6, 25, 20, 20, 24, 24, 25, 14, 0, 14, 24, 8, 24, 14, 0, 20, 0, 8, 29, 2, 14, 5, 6, 20, 2, 29, 11, 14, 0, 5, 20, 11, 0, 25, 5, 0, 5, 5, 8, 6, 11, 0, 24, 8, 24, 20, 14, 24, 20, 0, 20, 17, 17, 17, 17, 0, 20, 5, 2, 24, 17, 0, 0, 5, 2, 25, 25, 8, 8, 17, 17, 25, 2, 29, 17, 11, 14, 8, 14, 14, 2, 11, 11, 29, 24, 24, 24, 24, 5, 8, 25, 20, 8, 11, 5, 29, 17, 29, 0, 11, 24, 25, 8, 14, 17, 5, 20, 17, 0, 8, 20, 14, 8, 25, 25, 5, 2, 5]

p32
time 72.29048991203308
cost 16708
facility state [1, 0, 1, 0, 0, 1, 0, 0, 1, 0, 0, 1, 0, 1, 1, 1, 0, 1, 0, 0, 1, 0, 0, 0, 1, 1, 0, 0, 0, 0]
customer state [20, 11, 13, 2, 20, 5, 2, 24, 14, 17, 5, 13, 8, 20, 0, 14, 14, 17, 25, 11, 2, 17, 24, 2, 24, 8, 2, 24, 5, 5, 25, 25, 13, 25, 20, 20, 24, 15, 2, 14, 0, 14, 15, 20, 24, 14, 0, 20, 11, 14, 11, 2, 14, 5, 13, 20, 17, 11, 0, 14, 0, 5, 20, 25, 11, 11, 24, 0, 25, 25, 13, 13, 11, 17, 24, 8, 24, 20, 14, 5, 13, 0, 20, 17, 2, 17, 17, 0, 20, 5, 17, 24, 17, 11, 0, 25, 2, 8, 25, 8, 8, 0, 17, 25, 2, 25, 17, 11, 14, 8, 14, 14, 17, 11, 11, 5, 24, 15, 24, 24, 5, 8, 5, 13, 8, 0, 5, 15, 0, 25, 0, 11, 24, 25, 8, 14, 17, 25, 20, 17, 0, 8, 20, 14, 8, 11, 25, 5, 2, 5]

p33
time 67.8763542175293
cost 12343
facility state [1, 0, 1, 0, 0, 1, 0, 0, 1, 0, 0, 1, 0, 0, 1, 0, 0, 1, 0, 0, 1, 0, 0, 0, 1, 1, 0, 0, 0, 0]
customer state [20, 11, 20, 2, 20, 5, 2, 24, 14, 17, 24, 8, 8, 20, 17, 14, 14, 17, 25, 11, 2, 0, 5, 17, 25, 8, 2, 24, 5, 24, 5, 25, 8, 25, 20, 20, 24, 24, 0, 14, 0, 14, 24, 2, 24, 14, 0, 20, 11, 8, 5, 14, 14, 5, 8, 20, 17, 11, 0, 14, 0, 5, 20, 0, 11, 11, 24, 0, 24, 5, 8, 20, 11, 17, 24, 8, 5, 20, 14, 24, 20, 0, 20, 17, 17, 17, 17, 0, 20, 5, 2, 24, 17, 11, 17, 24, 2, 0, 25, 20, 20, 17, 17, 25, 2, 25, 17, 11, 14, 8, 14, 14, 2, 11, 11, 5, 24, 24, 24, 24, 5, 20, 25, 20, 8, 11, 5, 5, 0, 11, 0, 11, 24, 5, 8, 14, 0, 5, 20, 17, 0, 8, 20, 14, 8, 11, 25, 5, 2, 5]

p34
time 69.67934989929199
cost 11142
facility state [1, 0, 1, 0, 0, 1, 0, 0, 1, 0, 0, 1, 0, 0, 1, 0, 0, 1, 0, 0, 1, 0, 0, 0, 1, 1, 0, 0, 0, 0]
customer state [20, 11, 20, 2, 8, 5, 2, 24, 8, 17, 5, 8, 8, 20, 17, 14, 14, 17, 5, 11, 2, 0, 0, 17, 5, 8, 2, 24, 5, 24, 5, 25, 20, 25, 20, 20, 24, 24, 0, 14, 0, 14, 24, 8, 24, 14, 17, 20, 11, 8, 5, 8, 14, 5, 20, 20, 17, 25, 0, 14, 0, 5, 20, 11, 0, 11, 24, 0, 24, 24, 8, 20, 11, 17, 24, 8, 24, 20, 14, 24, 20, 0, 20, 17, 2, 17, 17, 0, 20, 5, 2, 24, 17, 11, 17, 5, 2, 8, 25, 8, 8, 0, 17, 25, 2, 25, 2, 11, 14, 8, 14, 14, 2, 11, 11, 25, 24, 24, 5, 24, 5, 8, 11, 20, 8, 25, 5, 24, 0, 25, 0, 11, 24, 5, 8, 14, 17, 5, 20, 17, 0, 8, 20, 14, 8, 25, 25, 5, 2, 5]

p35
time 68.77509903907776
cost 13099
facility state [1, 0, 1, 0, 0, 1, 0, 0, 1, 0, 0, 1, 0, 0, 1, 0, 0, 1, 0, 0, 1, 0, 0, 0, 1, 1, 0, 0, 0, 0]
customer state [20, 25, 8, 2, 8, 5, 2, 24, 14, 17, 24, 8, 8, 20, 2, 14, 14, 17, 25, 11, 2, 0, 5, 0, 5, 8, 2, 24, 5, 24, 5, 25, 20, 25, 20, 20, 24, 24, 11, 14, 0, 14, 24, 2, 24, 14, 0, 20, 11, 8, 5, 14, 14, 5, 20, 20, 17, 5, 11, 14, 0, 5, 20, 11, 11, 11, 24, 0, 5, 5, 20, 20, 11, 17, 24, 8, 24, 20, 14, 24, 20, 0, 8, 17, 2, 17, 2, 0, 20, 5, 2, 24, 17, 11, 17, 24, 2, 2, 25, 20, 8, 17, 17, 25, 2, 5, 17, 11, 14, 8, 14, 14, 2, 11, 11, 11, 24, 24, 5, 24, 5, 8, 25, 20, 8, 0, 5, 24, 0, 11, 0, 11, 24, 25, 8, 14, 17, 5, 20, 17, 0, 8, 20, 14, 8, 25, 25, 5, 2, 5]

p36
time 67.9144344329834
cost 17320
facility state [1, 0, 1, 0, 0, 1, 0, 0, 1, 0, 0, 1, 0, 1, 1, 1, 0, 1, 0, 0, 0, 0, 0, 0, 0, 1, 0, 0, 0, 0]
customer state [13, 11, 13, 2, 13, 5, 14, 5, 14, 17, 11, 8, 8, 8, 17, 14, 14, 17, 25, 11, 2, 0, 25, 2, 11, 8, 2, 5, 25, 15, 25, 25, 13, 25, 8, 8, 5, 15, 0, 14, 0, 14, 15, 8, 5, 14, 0, 13, 25, 8, 5, 14, 14, 5, 8, 13, 2, 25, 0, 14, 0, 5, 8, 11, 11, 11, 5, 0, 15, 25, 13, 13, 11, 17, 15, 8, 15, 8, 14, 5, 13, 0, 13, 17, 17, 17, 17, 0, 8, 5, 2, 5, 17, 0, 17, 5, 2, 2, 25, 13, 8, 0, 17, 25, 2, 25, 0, 11, 14, 8, 14, 14, 2, 11, 11, 0, 5, 15, 5, 5, 5, 8, 25, 13, 8, 11, 5, 15, 0, 11, 0, 25, 5, 15, 13, 14, 17, 25, 13, 17, 0, 8, 13, 14, 8, 25, 25, 5, 2, 5]

p37
time 67.00625324249268
cost 12248
facility state [1, 0, 1, 0, 0, 1, 0, 0, 1, 0, 0, 1, 0, 0, 1, 0, 0, 1, 0, 0, 1, 0, 0, 0, 1, 1, 0, 0, 0, 0]
customer state [20, 11, 20, 2, 20, 5, 2, 24, 14, 17, 24, 8, 8, 20, 17, 14, 14, 17, 5, 11, 2, 0, 5, 17, 5, 8, 2, 24, 5, 24, 5, 25, 20, 25, 20, 20, 24, 24, 0, 14, 0, 14, 24, 8, 24, 14, 17, 20, 11, 8, 5, 14, 14, 5, 20, 20, 17, 11, 11, 14, 0, 5, 20, 25, 11, 11, 24, 0, 24, 24, 20, 20, 11, 17, 24, 8, 24, 20, 14, 24, 20, 17, 20, 17, 2, 17, 17, 0, 20, 5, 2, 24, 17, 11, 17, 24, 2, 11, 11, 20, 8, 17, 17, 25, 2, 25, 17, 11, 14, 8, 14, 14, 2, 11, 25, 25, 24, 24, 24, 24, 5, 8, 11, 20, 8, 0, 5, 24, 0, 25, 0, 11, 24, 5, 8, 14, 0, 5, 20, 17, 0, 8, 20, 14, 8, 11, 25, 5, 2, 5]

p38
time 67.53133893013
cost 11170
facility state [1, 0, 1, 0, 0, 1, 0, 0, 0, 0, 0, 1, 0, 0, 1, 0, 0, 1, 0, 0, 1, 0, 0, 0, 1, 1, 0, 0, 0, 0]
customer state [20, 17, 20, 2, 20, 5, 2, 24, 14, 17, 24, 20, 14, 20, 17, 14, 14, 17, 5, 11, 14, 0, 5, 0, 5, 20, 2, 24, 24, 24, 5, 11, 20, 25, 20, 20, 24, 24, 0, 14, 0, 14, 24, 14, 24, 14, 17, 20, 11, 14, 25, 14, 14, 5, 20, 20, 2, 0, 11, 14, 0, 5, 20, 11, 11, 11, 24, 0, 24, 5, 20, 20, 11, 0, 24, 20, 24, 20, 14, 24, 20, 0, 20, 17, 17, 17, 17, 0, 20, 5, 2, 24, 17, 25, 17, 24, 2, 2, 25, 20, 20, 17, 17, 25, 2, 5, 17, 25, 14, 14, 14, 14, 2, 11, 11, 0, 24, 24, 5, 24, 5, 20, 25, 20, 20, 11, 5, 24, 0, 5, 0, 11, 24, 5, 20, 14, 17, 5, 20, 17, 0, 20, 20, 14, 14, 25, 25, 5, 2, 5]

p39
time 65.43386697769165
cost 12862
facility state [1, 0, 0, 0, 0, 1, 0, 0, 0, 0, 0, 1, 0, 0, 1, 0, 0, 1, 0, 0, 1, 0, 0, 0, 1, 1, 0, 0, 1, 0]
customer state [20, 11, 20, 14, 20, 5, 14, 24, 14, 17, 24, 20, 28, 20, 17, 14, 14, 17, 5, 11, 17, 11, 5, 17, 5, 20, 17, 24, 5, 24, 5, 25, 20, 25, 20, 20, 24, 24, 0, 14, 0, 14, 24, 28, 24, 14, 17, 20, 11, 28, 5, 14, 14, 5, 20, 20, 17, 25, 11, 14, 0, 5, 20, 11, 11, 11, 24, 0, 5, 24, 20, 20, 11, 0, 24, 20, 24, 20, 14, 24, 20, 0, 20, 17, 17, 17, 17, 0, 20, 5, 17, 24, 17, 11, 17, 24, 14, 14, 25, 20, 28, 17, 17, 25, 17, 25, 17, 11, 14, 28, 14, 14, 17, 11, 11, 25, 24, 24, 24, 24, 5, 28, 25, 20, 20, 0, 5, 24, 0, 5, 0, 11, 24, 11, 28, 14, 17, 5, 20, 17, 0, 20, 20, 14, 20, 25, 25, 5, 17, 5]

p40
time 64.73360013961792
cost 15569
facility state [1, 0, 0, 0, 0, 0, 0, 0, 0, 0, 0, 1, 0, 1, 1, 0, 0, 1, 0, 0, 1, 0, 0, 0, 1, 1, 0, 0, 1, 0]
customer state [20, 11, 13, 14, 20, 11, 17, 24, 14, 17, 24, 13, 28, 20, 0, 14, 14, 17, 25, 11, 14, 0, 24, 17, 24, 20, 17, 24, 24, 24, 25, 25, 20, 25, 20, 20, 24, 24, 11, 14, 0, 14, 24, 28, 24, 14, 0, 13, 11, 28, 25, 14, 14, 11, 20, 20, 17, 25, 11, 14, 0, 24, 20, 11, 11, 25, 24, 0, 25, 24, 13, 20, 11, 17, 24, 28, 24, 20, 14, 24, 20, 0, 13, 17, 17, 17, 17, 17, 20, 25, 17, 24, 0, 0, 17, 24, 14, 17, 25, 13, 20, 17, 17, 25, 17, 25, 17, 0, 14, 28, 14, 14, 17, 11, 11, 25, 24, 24, 24, 24, 11, 28, 25, 13, 20, 11, 25, 24, 0, 0, 0, 11, 24, 0, 28, 14, 17, 25, 20, 17, 0, 28, 20, 14, 20, 25, 25, 11, 17, 24]

p41
time 24.470109462738037
cost 7906
facility state [1, 1, 1, 1, 0, 0, 0, 1, 0, 1]
customer state [7, 9, 0, 1, 7, 9, 3, 7, 3, 3, 7, 9, 2, 2, 2, 7, 7, 3, 0, 1, 2, 2, 1, 1, 7, 7, 7, 0, 3, 7, 3, 0, 0, 0, 3, 9, 2, 9, 1, 9, 2, 7, 3, 3, 3, 0, 0, 7, 7, 1, 1, 1, 9, 7, 2, 7, 2, 3, 3, 3, 0, 3, 1, 0, 0, 2, 1, 9, 7, 1, 0, 0, 0, 0, 7, 7, 2, 2, 2, 3, 7, 2, 2, 7, 9, 7, 9, 2, 9, 2]

p42
time 21.45367980003357
cost 6312
facility state [0, 1, 0, 1, 0, 1, 0, 0, 1, 0, 0, 0, 1, 0, 1, 1, 0, 0, 0, 1]
customer state [12, 14, 3, 5, 15, 19, 1, 3, 12, 1, 3, 19, 19, 14, 19, 15, 12, 12, 14, 14, 5, 5, 5, 8, 12, 8, 3, 12, 3, 3, 1, 19, 19, 8, 14, 19, 14, 15, 1, 15, 1, 3, 3, 12, 5, 14, 8, 19, 15, 19, 1, 1, 1, 3, 3, 5, 3, 14, 14, 14, 8, 3, 3, 3, 3, 3, 1, 15, 15, 15, 19, 8, 19, 19, 19, 19, 8, 19, 19, 19]

p43
time 17.159975051879883
cost 6733
facility state [1, 1, 0, 0, 0, 1, 1, 0, 0, 1, 0, 0, 1, 0, 0, 0, 0, 0, 0, 0, 0, 1, 1, 1, 0, 0, 0, 0, 0, 0]
customer state [12, 22, 12, 23, 1, 22, 22, 21, 12, 5, 23, 9, 1, 9, 1, 6, 21, 21, 12, 21, 0, 9, 22, 21, 9, 1, 23, 6, 1, 5, 5, 23, 1, 23, 9, 22, 0, 12, 21, 6, 6, 12, 5, 23, 5, 0, 0, 22, 0, 6, 22, 0, 9, 6, 6, 6, 21, 22, 23, 5, 5, 5, 1, 5, 5, 1, 1, 5, 23, 1]

p44
time 27.290011882781982
cost 8197
facility state [1, 1, 0, 1, 1, 0, 0, 1, 1, 1]
customer state [4, 4, 4, 4, 4, 4, 4, 4, 0, 0, 7, 0, 0, 0, 0, 0, 1, 1, 1, 7, 1, 7, 1, 3, 9, 8, 9, 9, 8, 8, 7, 3, 3, 3, 3, 3, 3, 3, 3, 3, 4, 0, 1, 1, 7, 8, 7, 7, 9, 7, 7, 7, 4, 3, 8, 8, 7, 7, 9, 7, 7, 4, 3, 3, 0, 7, 0, 8, 1, 4, 4, 9, 9, 7, 7, 7, 7, 0, 4, 8, 7, 7, 9, 9, 9, 3, 4, 7, 7, 4]

p45
time 21.240010738372803
cost 7489
facility state [1, 1, 0, 1, 0, 1, 0, 1, 0, 0, 0, 0, 1, 0, 0, 0, 1, 1, 0, 0]
customer state [0, 0, 0, 0, 0, 0, 0, 1, 7, 1, 1, 1, 1, 1, 7, 3, 3, 3, 3, 3, 3, 12, 17, 17, 16, 12, 12, 12, 17, 5, 5, 5, 5, 5, 5, 5, 5, 5, 0, 0, 3, 3, 17, 12, 1, 17, 16, 7, 16, 16, 17, 17, 12, 16, 16, 16, 16, 1, 3, 7, 3, 7, 0, 17, 1, 7, 17, 12, 7, 7, 16, 3, 17, 17, 16, 17, 17, 16, 7, 7]

p46
time 17.667112588882446
cost 7208
facility state [0, 1, 1, 0, 0, 1, 0, 0, 1, 1, 1, 1, 0, 0, 1, 0, 0, 0, 0, 0, 0, 0, 0, 0, 1, 0, 0, 0, 1, 0]
customer state [10, 11, 10, 10, 10, 10, 10, 1, 11, 11, 11, 1, 11, 1, 11, 2, 2, 2, 2, 2, 11, 5, 5, 5, 5, 5, 5, 8, 9, 9, 8, 9, 9, 9, 10, 2, 2, 5, 24, 1, 9, 2, 2, 11, 24, 24, 14, 24, 10, 11, 28, 14, 8, 11, 24, 28, 8, 1, 14, 24, 1, 1, 10, 28, 14, 24, 14, 14, 11, 28]

p47
time 25.64135766029358
cost 7249
facility state [0, 1, 1, 0, 1, 1, 0, 1, 1, 1]
customer state [9, 2, 2, 2, 2, 2, 2, 1, 2, 1, 1, 2, 1, 2, 1, 1, 1, 2, 2, 2, 2, 2, 2, 2, 2, 2, 2, 4, 4, 2, 4, 2, 4, 4, 4, 4, 4, 4, 4, 4, 4, 4, 4, 4, 4, 4, 4, 5, 5, 5, 5, 5, 5, 5, 4, 4, 4, 4, 4, 4, 4, 4, 7, 7, 5, 7, 4, 2, 7, 7, 7, 7, 7, 7, 8, 8, 8, 8, 7, 8, 8, 8, 9, 7, 9, 9, 4, 9, 9, 9]

p48
time 22.5309157371521
cost 6438
facility state [1, 1, 0, 0, 0, 1, 1, 0, 1, 1, 1, 0, 0, 1, 1, 0, 1, 0, 0, 0]
customer state [0, 0, 0, 1, 1, 0, 1, 1, 1, 1, 5, 5, 0, 5, 1, 5, 5, 5, 5, 5, 5, 5, 5, 5, 9, 6, 6, 6, 6, 6, 6, 8, 13, 8, 9, 8, 8, 8, 9, 9, 9, 9, 10, 10, 10, 10, 10, 10, 13, 13, 9, 8, 13, 13, 13, 14, 14, 13, 14, 13, 0, 14, 14, 14, 14, 16, 16, 16, 16, 16, 16, 16, 16, 16, 0, 16, 0, 16, 0, 1]

p49
time 17.12479257583618
cost 6764
facility state [1, 1, 1, 0, 0, 0, 1, 0, 0, 0, 1, 0, 0, 0, 1, 0, 0, 1, 0, 0, 1, 0, 0, 1, 0, 0, 0, 0, 1, 0]
customer state [2, 0, 1, 2, 1, 2, 2, 1, 0, 2, 0, 2, 1, 6, 14, 6, 6, 6, 1, 6, 6, 10, 10, 6, 10, 10, 10, 14, 14, 6, 14, 14, 6, 14, 14, 14, 17, 17, 17, 17, 17, 17, 20, 20, 20, 20, 20, 6, 23, 20, 23, 20, 1, 23, 23, 23, 23, 23, 2, 0, 0, 28, 6, 1, 0, 28, 28, 0, 28, 28]

p50
time 29.890727758407593
cost 10880
facility state [1, 1, 1, 0, 0, 0, 1, 1, 1, 0]
customer state [7, 6, 7, 0, 2, 2, 7, 2, 7, 7, 7, 6, 6, 1, 6, 2, 2, 2, 7, 7, 6, 6, 0, 0, 0, 6, 7, 8, 0, 7, 8, 7, 7, 7, 7, 7, 1, 1, 0, 6, 0, 1, 1, 1, 2, 2, 2, 7, 7, 7, 7, 7, 6, 0, 0, 0, 6, 6, 2, 2, 2, 7, 7, 7, 7, 7, 0, 6, 8, 7, 7, 6, 6, 0, 0, 8, 7, 7, 8, 0, 8, 2, 2, 2, 2, 2, 6, 7, 2, 7, 1, 1, 2, 2, 2, 1, 1, 1, 1, 2]

p51
time 31.077434062957764
cost 8939
facility state [1, 1, 0, 0, 0, 1, 1, 0, 0, 0, 0, 0, 1, 1, 0, 1, 0, 1, 1, 0]
customer state [15, 6, 17, 0, 12, 12, 5, 5, 15, 1, 5, 17, 6, 13, 6, 13, 12, 5, 5, 15, 6, 0, 0, 15, 0, 6, 1, 17, 15, 15, 1, 1, 17, 15, 15, 5, 18, 13, 0, 0, 6, 6, 13, 13, 5, 5, 5, 5, 5, 17, 15, 5, 6, 17, 0, 0, 6, 6, 13, 12, 13, 5, 1, 5, 15, 15, 0, 17, 15, 1, 15, 0, 0, 6, 6, 15, 17, 15, 17, 17, 15, 5, 12, 12, 13, 13, 6, 1, 18, 1, 13, 18, 13, 18, 6, 18, 18, 18, 18, 18]

p52
time 33.53241181373596
cost 9726
facility state [0, 0, 0, 1, 1, 1, 1, 1, 1, 1]
customer state [7, 7, 7, 7, 7, 7, 7, 7, 3, 4, 4, 4, 3, 4, 4, 4, 4, 5, 8, 5, 3, 8, 3, 8, 3, 5, 9, 9, 9, 9, 9, 9, 9, 6, 6, 6, 6, 6, 6, 6, 6, 6, 6, 6, 7, 7, 4, 8, 8, 5, 5, 3, 4, 6, 7, 5, 3, 3, 3, 4, 6, 9, 5, 5, 3, 3, 5, 7, 4, 7, 6, 6, 4, 3, 3, 3, 3, 4, 7, 5, 6, 3, 3, 5, 5, 3, 3, 4, 9, 3, 5, 5, 9, 5, 5, 7, 3, 4, 3, 7]

p53
time 32.7076473236084
cost 11141
facility state [0, 0, 0, 1, 0, 1, 0, 1, 0, 1, 0, 0, 1, 1, 0, 1, 1, 0, 0, 0]
customer state [5, 16, 5, 5, 5, 5, 5, 5, 7, 7, 7, 7, 7, 7, 7, 7, 7, 13, 13, 13, 12, 13, 12, 12, 3, 15, 9, 9, 9, 9, 9, 9, 9, 15, 16, 16, 9, 16, 5, 16, 5, 5, 5, 5, 5, 5, 7, 13, 12, 15, 15, 3, 7, 15, 5, 15, 3, 3, 3, 7, 16, 9, 15, 13, 3, 13, 15, 16, 16, 16, 9, 16, 7, 3, 3, 12, 3, 7, 7, 15, 12, 3, 15, 15, 15, 3, 3, 16, 15, 3, 13, 13, 9, 15, 15, 16, 3, 7, 3, 16]

p54
time 33.5239634513855
cost 10560
facility state [1, 1, 1, 1, 0, 0, 1, 1, 1, 1]
customer state [7, 7, 7, 7, 7, 7, 7, 2, 2, 2, 2, 2, 2, 2, 2, 2, 2, 2, 2, 1, 1, 1, 1, 3, 1, 1, 3, 2, 3, 3, 3, 3, 3, 3, 3, 3, 3, 3, 3, 8, 8, 3, 8, 8, 8, 3, 8, 8, 8, 8, 8, 3, 6, 6, 6, 6, 6, 6, 6, 6, 6, 3, 3, 6, 8, 6, 6, 6, 6, 0, 0, 6, 0, 0, 7, 0, 0, 7, 0, 0, 6, 7, 0, 9, 7, 0, 7, 7, 0, 7, 7, 9, 2, 9, 9, 9, 2, 7, 9, 9]

p55
time 32.04251146316528
cost 8318
facility state [1, 0, 1, 0, 0, 0, 1, 1, 1, 1, 0, 0, 1, 1, 0, 0, 0, 0, 1, 0]
customer state [18, 18, 18, 18, 18, 18, 2, 8, 18, 2, 8, 8, 2, 8, 2, 8, 2, 2, 8, 12, 6, 12, 12, 6, 12, 12, 12, 2, 6, 6, 6, 6, 6, 6, 6, 6, 6, 6, 6, 7, 7, 7, 0, 7, 0, 0, 0, 0, 0, 0, 0, 0, 7, 7, 7, 7, 7, 7, 7, 7, 7, 9, 7, 7, 7, 7, 7, 7, 7, 9, 13, 9, 9, 13, 18, 9, 9, 13, 9, 9, 13, 13, 13, 18, 18, 13, 13, 18, 13, 13, 18, 18, 18, 18, 18, 18, 18, 18, 18, 18]

p56
time 144.6936798095703
cost 23903
facility state [1, 0, 0, 1, 0, 1, 0, 1, 1, 1, 0, 1, 1, 1, 0, 0, 1, 1, 1, 1, 0, 1, 1, 0, 0, 1, 0, 1, 0, 1]
customer state [18, 19, 21, 27, 21, 12, 21, 27, 22, 17, 29, 17, 13, 3, 17, 18, 3, 8, 22, 0, 18, 16, 5, 22, 13, 18, 27, 19, 29, 21, 19, 19, 29, 16, 27, 12, 8, 9, 27, 16, 18, 9, 12, 29, 8, 19, 13, 21, 19, 13, 0, 16, 16, 16, 8, 11, 11, 9, 18, 25, 29, 0, 7, 8, 13, 12, 5, 17, 11, 25, 18, 12, 19, 9, 5, 13, 8, 5, 8, 16, 13, 0, 9, 25, 29, 13, 19, 5, 27, 7, 17, 19, 25, 25, 0, 3, 11, 12, 0, 0, 17, 16, 25, 7, 29, 0, 29, 16, 22, 3, 19, 29, 27, 12, 12, 8, 11, 7, 17, 8, 9, 11, 0, 19, 9, 16, 21, 11, 9, 17, 11, 21, 25, 8, 5, 9, 3, 3, 17, 17, 12, 22, 11, 11, 25, 5, 22, 16, 27, 25, 27, 17, 5, 0, 8, 11, 5, 16, 3, 3, 13, 27, 3, 0, 0, 27, 5, 29, 3, 21, 5, 13, 19, 17, 9, 21, 0, 13, 29, 13, 5, 16, 16, 19, 25, 8, 11, 13, 0, 21, 21, 21, 12, 29, 7, 12, 7, 21, 8, 19]

p57
time 142.13889384269714
cost 30914
facility state [1, 1, 1, 1, 0, 0, 0, 1, 1, 0, 1, 0, 1, 1, 1, 1, 0, 0, 1, 1, 0, 1, 0, 0, 0, 1, 0, 1, 0, 1]
customer state [18, 19, 21, 27, 15, 12, 15, 27, 18, 27, 29, 19, 13, 1, 19, 7, 1, 8, 18, 0, 18, 21, 2, 0, 10, 18, 27, 14, 29, 2, 19, 19, 19, 21, 27, 12, 8, 8, 21, 15, 18, 8, 19, 29, 8, 14, 13, 21, 14, 14, 0, 15, 2, 15, 8, 12, 7, 8, 18, 25, 29, 2, 7, 8, 13, 25, 10, 14, 19, 25, 7, 12, 19, 8, 10, 13, 10, 10, 13, 21, 10, 0, 8, 25, 29, 13, 29, 15, 27, 7, 27, 25, 25, 25, 2, 3, 18, 12, 0, 19, 19, 15, 25, 7, 29, 0, 29, 21, 18, 3, 14, 29, 27, 12, 12, 8, 18, 7, 14, 8, 14, 25, 0, 19, 19, 21, 21, 25, 14, 0, 18, 21, 7, 8, 1, 8, 3, 3, 0, 10, 12, 18, 18, 25, 25, 0, 21, 15, 27, 25, 21, 0, 13, 0, 3, 25, 2, 15, 3, 3, 13, 27, 10, 2, 1, 27, 1, 29, 3, 2, 1, 10, 19, 14, 29, 2, 0, 10, 29, 13, 2, 15, 2, 19, 12, 8, 27, 13, 0, 21, 2, 21, 19, 29, 7, 12, 7, 15, 13, 12]

p58
time 138.9957413673401
cost 46049
facility state [1, 1, 0, 0, 1, 1, 1, 0, 0, 1, 1, 0, 1, 0, 1, 1, 0, 0, 1, 1, 1, 0, 1, 0, 0, 0, 1, 0, 1, 0]
customer state [22, 19, 5, 22, 5, 6, 15, 19, 22, 28, 4, 19, 9, 1, 28, 18, 1, 20, 22, 28, 18, 15, 5, 22, 10, 18, 22, 19, 4, 5, 19, 26, 4, 22, 28, 6, 9, 9, 22, 15, 18, 9, 6, 4, 9, 4, 1, 15, 19, 20, 0, 15, 5, 0, 20, 6, 19, 9, 18, 18, 26, 0, 18, 20, 20, 12, 1, 14, 4, 12, 28, 12, 19, 9, 10, 1, 20, 10, 9, 22, 10, 5, 26, 12, 4, 10, 4, 5, 22, 18, 28, 6, 12, 12, 5, 1, 6, 28, 0, 28, 19, 15, 12, 18, 4, 0, 4, 0, 22, 20, 14, 4, 10, 6, 28, 20, 6, 18, 28, 20, 9, 12, 19, 26, 26, 18, 15, 18, 26, 14, 28, 0, 6, 20, 1, 9, 1, 1, 28, 20, 19, 18, 6, 12, 6, 5, 22, 15, 22, 12, 14, 14, 10, 0, 20, 28, 5, 15, 20, 20, 1, 0, 20, 14, 5, 14, 5, 4, 1, 15, 1, 14, 19, 10, 26, 0, 0, 14, 26, 10, 5, 15, 5, 19, 12, 9, 28, 10, 0, 15, 0, 15, 19, 4, 12, 6, 18, 15, 10, 28]

p59
time 140.89498019218445
cost 38781
facility state [1, 0, 1, 1, 1, 1, 1, 1, 0, 0, 1, 0, 0, 1, 1, 0, 0, 1, 0, 0, 1, 1, 0, 1, 0, 0, 1, 0, 1, 1]
customer state [17, 6, 2, 0, 2, 6, 21, 28, 0, 28, 4, 17, 13, 3, 28, 28, 3, 20, 2, 28, 7, 21, 5, 2, 10, 7, 17, 14, 29, 5, 26, 26, 4, 21, 28, 6, 20, 20, 5, 21, 28, 20, 4, 29, 20, 26, 13, 21, 14, 10, 0, 21, 5, 21, 20, 4, 6, 13, 2, 7, 29, 17, 7, 13, 13, 28, 5, 14, 6, 29, 7, 4, 4, 20, 23, 23, 20, 23, 20, 2, 10, 23, 26, 7, 29, 10, 4, 23, 0, 7, 17, 6, 7, 7, 5, 3, 28, 6, 0, 28, 17, 21, 6, 6, 4, 0, 4, 2, 2, 3, 14, 29, 28, 4, 6, 13, 14, 7, 17, 13, 26, 28, 14, 26, 26, 21, 2, 28, 4, 17, 28, 21, 7, 10, 23, 20, 3, 3, 28, 20, 6, 0, 28, 28, 7, 5, 2, 5, 17, 7, 0, 17, 23, 0, 20, 26, 2, 21, 13, 13, 13, 0, 10, 23, 23, 0, 5, 4, 3, 21, 23, 20, 14, 14, 26, 2, 0, 10, 29, 10, 5, 21, 5, 6, 14, 26, 17, 10, 0, 21, 2, 21, 6, 4, 14, 29, 7, 21, 23, 14]

p60
time 128.45606589317322
cost 24435
facility state [1, 1, 0, 0, 1, 1, 0, 0, 1, 1, 0, 1, 0, 0, 1, 0, 0, 0, 1, 0, 0, 1, 1, 0, 0, 1, 1, 1, 0, 0]
customer state [18, 14, 21, 27, 21, 25, 21, 27, 22, 27, 4, 14, 8, 1, 11, 18, 1, 8, 22, 0, 18, 21, 5, 0, 5, 18, 27, 14, 4, 21, 4, 26, 4, 21, 27, 4, 8, 8, 27, 21, 18, 9, 11, 4, 8, 26, 8, 21, 14, 14, 27, 22, 0, 21, 8, 11, 18, 9, 22, 25, 4, 0, 18, 8, 8, 11, 5, 14, 11, 25, 18, 25, 26, 9, 5, 5, 8, 5, 8, 22, 8, 0, 9, 25, 4, 1, 4, 5, 27, 25, 11, 4, 25, 25, 0, 1, 11, 11, 0, 11, 14, 21, 25, 18, 4, 0, 4, 27, 22, 8, 14, 4, 27, 25, 11, 8, 11, 25, 14, 8, 26, 11, 0, 4, 26, 21, 21, 11, 26, 0, 11, 21, 25, 8, 1, 9, 1, 8, 0, 14, 11, 22, 11, 11, 25, 5, 27, 21, 27, 25, 27, 0, 5, 0, 8, 25, 5, 21, 8, 1, 1, 27, 14, 0, 5, 27, 5, 4, 1, 21, 1, 8, 14, 14, 26, 5, 0, 14, 4, 14, 5, 21, 0, 11, 11, 8, 11, 5, 0, 21, 21, 21, 4, 4, 25, 25, 25, 21, 14, 14]

p61
time 122.40536570549011
cost 29426
facility state [1, 0, 1, 0, 1, 0, 0, 0, 1, 1, 1, 1, 1, 1, 0, 1, 0, 0, 0, 0, 0, 0, 1, 0, 1, 0, 0, 0, 0, 0]
customer state [22, 12, 2, 22, 2, 12, 15, 11, 22, 0, 4, 0, 13, 13, 11, 11, 13, 10, 22, 0, 22, 24, 2, 24, 13, 22, 24, 10, 4, 2, 4, 4, 4, 15, 22, 12, 8, 8, 24, 15, 22, 9, 12, 4, 8, 4, 13, 2, 9, 10, 24, 24, 24, 15, 8, 12, 11, 9, 22, 11, 4, 0, 22, 8, 13, 11, 2, 10, 24, 12, 22, 12, 4, 9, 10, 13, 8, 10, 8, 24, 10, 0, 9, 12, 4, 13, 4, 2, 24, 22, 0, 12, 11, 11, 2, 13, 11, 12, 0, 11, 0, 15, 12, 22, 4, 0, 4, 24, 22, 13, 9, 4, 22, 12, 12, 8, 11, 11, 0, 9, 9, 11, 0, 9, 9, 15, 2, 11, 4, 0, 11, 24, 12, 8, 13, 9, 13, 13, 11, 10, 12, 22, 11, 11, 11, 2, 24, 15, 22, 11, 24, 0, 10, 0, 8, 11, 2, 15, 13, 13, 13, 24, 0, 24, 2, 24, 2, 4, 13, 2, 13, 8, 0, 10, 9, 2, 0, 10, 4, 10, 2, 15, 2, 4, 12, 8, 0, 10, 0, 24, 2, 15, 12, 4, 11, 12, 11, 15, 10, 9]

p62
time 126.1437463760376
cost 38882
facility state [0, 1, 1, 0, 0, 1, 0, 0, 1, 0, 1, 1, 1, 0, 0, 0, 0, 0, 1, 0, 0, 0, 0, 1, 1, 0, 1, 1, 0, 0]
customer state [18, 12, 2, 27, 2, 12, 2, 27, 18, 11, 26, 27, 10, 1, 11, 18, 1, 8, 24, 27, 18, 24, 5, 24, 10, 27, 27, 10, 26, 5, 26, 26, 26, 24, 27, 12, 8, 8, 27, 24, 18, 8, 12, 26, 8, 8, 23, 2, 10, 10, 24, 2, 24, 24, 8, 12, 11, 8, 18, 11, 26, 2, 18, 8, 23, 11, 23, 23, 18, 11, 18, 12, 12, 8, 5, 23, 10, 23, 8, 24, 10, 5, 26, 12, 26, 1, 26, 5, 27, 18, 27, 12, 18, 11, 5, 1, 27, 12, 2, 11, 10, 2, 12, 18, 26, 24, 12, 24, 24, 1, 26, 26, 27, 12, 11, 8, 11, 18, 10, 8, 8, 11, 27, 26, 26, 24, 2, 11, 26, 5, 11, 24, 11, 10, 5, 8, 1, 8, 27, 10, 12, 27, 11, 11, 11, 5, 24, 2, 27, 11, 24, 5, 23, 27, 8, 11, 2, 24, 8, 1, 1, 27, 10, 24, 5, 27, 5, 26, 1, 2, 1, 8, 26, 10, 26, 2, 24, 10, 26, 10, 5, 2, 2, 12, 18, 8, 11, 23, 27, 2, 2, 2, 12, 12, 18, 12, 18, 2, 10, 12]

p63
time 120.8425030708313
cost 34958
facility state [1, 1, 0, 0, 0, 0, 1, 1, 0, 0, 1, 0, 1, 0, 1, 0, 0, 1, 0, 0, 1, 0, 0, 0, 0, 0, 0, 1, 1, 0]
customer state [7, 6, 0, 27, 1, 12, 17, 27, 27, 28, 12, 28, 1, 1, 28, 7, 1, 20, 27, 0, 7, 27, 1, 0, 10, 27, 27, 14, 6, 0, 6, 6, 6, 0, 27, 12, 20, 20, 27, 0, 7, 20, 6, 14, 20, 6, 20, 0, 14, 14, 0, 27, 0, 0, 20, 6, 7, 20, 27, 7, 14, 17, 7, 20, 20, 12, 10, 14, 28, 7, 7, 12, 6, 20, 10, 10, 20, 10, 20, 27, 10, 0, 20, 7, 6, 10, 6, 10, 28, 7, 28, 6, 7, 7, 0, 1, 28, 6, 17, 28, 28, 1, 12, 7, 14, 28, 6, 27, 27, 1, 14, 6, 27, 12, 12, 20, 28, 7, 17, 20, 14, 12, 17, 6, 14, 27, 10, 12, 14, 17, 17, 27, 12, 20, 1, 20, 1, 1, 28, 10, 12, 27, 28, 12, 7, 0, 27, 17, 27, 12, 17, 17, 10, 0, 20, 28, 17, 0, 1, 1, 1, 27, 10, 0, 10, 28, 1, 14, 1, 0, 1, 20, 28, 14, 14, 0, 17, 10, 6, 10, 1, 0, 0, 6, 12, 20, 28, 10, 17, 17, 0, 0, 6, 6, 7, 12, 7, 0, 10, 6]

p64
time 118.14805221557617
cost 24081
facility state [1, 0, 0, 1, 0, 0, 1, 1, 0, 0, 0, 0, 0, 0, 0, 0, 0, 0, 0, 1, 1, 1, 1, 1, 0, 0, 1, 0, 0, 1]
customer state [7, 19, 21, 22, 21, 6, 21, 22, 22, 0, 26, 19, 23, 3, 19, 7, 3, 20, 22, 0, 7, 21, 23, 0, 23, 7, 22, 19, 29, 21, 19, 19, 26, 21, 0, 6, 20, 20, 21, 21, 7, 20, 6, 26, 3, 19, 3, 21, 19, 20, 0, 22, 21, 21, 20, 6, 7, 26, 22, 7, 26, 0, 7, 20, 20, 7, 23, 19, 19, 7, 7, 6, 19, 20, 23, 23, 20, 23, 20, 22, 23, 0, 26, 7, 29, 20, 6, 23, 22, 7, 0, 6, 7, 7, 0, 3, 0, 6, 0, 6, 19, 21, 6, 7, 29, 0, 29, 21, 22, 3, 19, 29, 22, 6, 6, 20, 19, 7, 19, 20, 26, 7, 19, 19, 26, 21, 21, 6, 26, 0, 6, 21, 7, 20, 23, 20, 3, 3, 0, 20, 6, 22, 6, 7, 7, 23, 22, 21, 22, 7, 0, 0, 23, 0, 20, 6, 21, 21, 3, 3, 3, 0, 23, 0, 23, 22, 23, 29, 3, 21, 23, 20, 19, 20, 26, 21, 0, 20, 29, 23, 23, 21, 21, 19, 6, 20, 6, 23, 0, 21, 0, 21, 6, 6, 7, 6, 7, 21, 23, 19]

p65
time 115.24073910713196
cost 32030
facility state [1, 0, 1, 0, 1, 0, 0, 1, 0, 0, 1, 0, 0, 0, 0, 1, 0, 0, 0, 1, 0, 0, 1, 0, 0, 0, 1, 0, 0, 0]
customer state [7, 19, 2, 22, 2, 4, 15, 0, 22, 0, 4, 19, 10, 10, 19, 7, 0, 10, 22, 0, 7, 15, 10, 0, 10, 7, 22, 19, 4, 2, 19, 26, 4, 22, 22, 19, 26, 26, 22, 15, 7, 26, 4, 4, 26, 19, 10, 2, 19, 26, 0, 22, 2, 15, 26, 19, 7, 26, 22, 7, 26, 0, 7, 10, 10, 7, 2, 19, 19, 7, 7, 19, 4, 26, 10, 10, 26, 10, 26, 22, 10, 0, 26, 7, 4, 10, 4, 2, 22, 7, 0, 19, 7, 7, 2, 2, 0, 4, 2, 19, 0, 15, 7, 7, 4, 2, 4, 22, 22, 10, 19, 4, 22, 19, 19, 26, 0, 7, 19, 26, 26, 7, 0, 26, 26, 15, 2, 19, 26, 0, 19, 2, 7, 10, 10, 26, 10, 26, 0, 0, 4, 22, 19, 7, 7, 2, 22, 15, 22, 7, 0, 0, 10, 0, 10, 19, 2, 15, 10, 10, 10, 0, 0, 0, 10, 22, 2, 4, 10, 15, 2, 26, 19, 19, 26, 2, 2, 10, 26, 10, 2, 15, 2, 19, 19, 26, 0, 10, 0, 2, 2, 2, 19, 4, 7, 4, 7, 15, 10, 19]

p66
time 116.89702320098877
cost 38021
facility state [0, 0, 0, 1, 0, 0, 0, 0, 0, 1, 0, 0, 0, 1, 0, 0, 1, 0, 1, 1, 0, 0, 0, 0, 0, 1, 1, 0, 1, 0]
customer state [18, 19, 16, 18, 18, 25, 16, 28, 18, 28, 26, 28, 13, 13, 28, 18, 3, 13, 18, 28, 18, 16, 13, 28, 13, 18, 18, 19, 26, 13, 19, 26, 26, 16, 18, 19, 9, 9, 18, 16, 18, 9, 19, 26, 9, 19, 13, 16, 19, 9, 16, 16, 16, 16, 9, 19, 25, 9, 18, 25, 26, 28, 25, 9, 3, 25, 13, 19, 19, 25, 18, 25, 19, 9, 13, 3, 13, 3, 9, 16, 13, 28, 9, 25, 26, 13, 19, 13, 18, 25, 28, 19, 25, 25, 16, 3, 28, 19, 28, 28, 19, 16, 25, 18, 26, 16, 26, 16, 18, 3, 19, 26, 18, 25, 25, 9, 28, 25, 19, 9, 9, 28, 28, 19, 26, 16, 13, 28, 26, 28, 28, 16, 25, 13, 3, 9, 3, 3, 28, 26, 25, 18, 28, 25, 25, 3, 16, 16, 18, 25, 16, 19, 13, 28, 3, 28, 16, 16, 13, 13, 13, 28, 13, 28, 13, 18, 13, 26, 3, 16, 13, 13, 19, 9, 9, 19, 28, 3, 26, 13, 13, 16, 16, 19, 25, 9, 28, 3, 28, 16, 16, 16, 19, 26, 25, 25, 25, 16, 9, 19]

p67
time 125.08517384529114
cost 29351
facility state [0, 0, 1, 0, 1, 1, 1, 0, 1, 0, 1, 1, 0, 1, 0, 0, 0, 0, 0, 0, 0, 0, 0, 0, 1, 1, 0, 0, 1, 0]
customer state [11, 6, 2, 24, 5, 6, 2, 28, 24, 28, 4, 28, 13, 13, 28, 25, 13, 10, 24, 28, 28, 24, 5, 24, 10, 11, 24, 28, 4, 5, 6, 6, 4, 2, 25, 6, 10, 8, 5, 2, 11, 8, 6, 4, 8, 4, 13, 2, 4, 10, 24, 24, 24, 24, 8, 6, 11, 8, 24, 25, 4, 2, 25, 8, 13, 11, 5, 10, 28, 25, 11, 6, 6, 8, 5, 10, 13, 13, 8, 24, 10, 5, 8, 25, 4, 13, 4, 5, 28, 25, 11, 6, 25, 25, 13, 13, 11, 6, 10, 28, 28, 2, 25, 25, 4, 5, 4, 24, 2, 13, 4, 4, 28, 6, 11, 8, 28, 25, 28, 8, 8, 11, 28, 6, 4, 24, 2, 11, 4, 28, 28, 24, 25, 10, 5, 8, 13, 13, 28, 10, 11, 11, 11, 11, 25, 5, 24, 24, 11, 25, 2, 10, 5, 2, 8, 11, 2, 24, 8, 13, 13, 28, 10, 24, 5, 11, 5, 4, 13, 24, 5, 8, 28, 10, 4, 2, 2, 10, 4, 10, 5, 2, 5, 28, 25, 8, 11, 10, 28, 24, 2, 2, 6, 4, 25, 6, 25, 2, 10, 6]

p68
time 129.39940094947815
cost 24294
facility state [1, 1, 1, 0, 1, 1, 0, 1, 1, 0, 0, 0, 1, 1, 1, 0, 0, 0, 0, 0, 0, 0, 1, 0, 0, 1, 0, 0, 1, 1]
customer state [7, 28, 2, 22, 2, 12, 5, 28, 22, 28, 4, 28, 13, 1, 28, 7, 1, 13, 22, 0, 7, 22, 5, 0, 13, 7, 22, 14, 29, 5, 12, 4, 4, 22, 22, 12, 8, 8, 22, 2, 7, 8, 12, 29, 8, 14, 13, 2, 14, 14, 0, 22, 0, 22, 8, 12, 25, 8, 22, 25, 29, 0, 7, 8, 13, 12, 5, 14, 28, 25, 7, 12, 4, 8, 5, 13, 13, 5, 8, 22, 13, 0, 8, 25, 29, 13, 4, 5, 22, 7, 28, 28, 25, 25, 2, 13, 28, 12, 0, 28, 28, 2, 25, 7, 4, 0, 29, 22, 22, 13, 14, 4, 22, 12, 12, 8, 28, 7, 14, 8, 14, 25, 0, 4, 4, 22, 2, 25, 4, 0, 28, 0, 25, 14, 1, 8, 1, 13, 28, 14, 12, 22, 12, 25, 25, 5, 22, 2, 22, 25, 0, 0, 5, 0, 8, 12, 2, 2, 13, 13, 13, 0, 13, 0, 5, 22, 5, 4, 1, 2, 1, 8, 14, 14, 4, 2, 0, 14, 29, 14, 5, 2, 2, 28, 12, 8, 28, 13, 0, 2, 2, 2, 12, 4, 7, 12, 7, 2, 14, 4]

p69
time 129.46413850784302
cost 32502
facility state [0, 0, 0, 0, 1, 1, 1, 1, 1, 0, 1, 0, 0, 0, 0, 0, 1, 0, 0, 0, 1, 1, 0, 1, 1, 0, 1, 0, 0, 1]
customer state [7, 4, 21, 16, 21, 29, 21, 24, 24, 10, 4, 6, 10, 23, 6, 7, 23, 20, 16, 24, 16, 16, 5, 24, 23, 7, 24, 4, 29, 21, 4, 26, 4, 16, 24, 6, 20, 8, 16, 16, 7, 8, 6, 26, 8, 26, 8, 21, 26, 20, 24, 16, 21, 16, 8, 6, 7, 8, 7, 7, 29, 5, 7, 8, 20, 6, 5, 20, 26, 7, 7, 4, 6, 8, 23, 23, 20, 5, 8, 16, 10, 5, 26, 7, 29, 10, 6, 5, 24, 7, 26, 6, 7, 7, 5, 23, 24, 6, 5, 6, 10, 21, 7, 7, 4, 21, 4, 24, 16, 8, 26, 4, 24, 6, 4, 8, 10, 7, 10, 8, 26, 7, 10, 26, 26, 16, 21, 6, 26, 10, 7, 21, 7, 20, 5, 20, 8, 8, 24, 10, 6, 24, 6, 7, 7, 5, 16, 16, 16, 7, 24, 10, 23, 21, 8, 26, 5, 16, 8, 10, 23, 24, 10, 21, 5, 16, 5, 29, 23, 21, 5, 20, 6, 20, 26, 21, 24, 10, 29, 10, 5, 21, 21, 6, 4, 8, 26, 23, 24, 21, 21, 21, 6, 4, 7, 4, 7, 21, 10, 26]

p70
time 125.04746770858765
cost 42573
facility state [0, 1, 0, 0, 1, 0, 1, 0, 1, 1, 1, 1, 0, 0, 0, 0, 1, 0, 0, 0, 1, 1, 0, 0, 1, 0, 0, 0, 0, 1]
customer state [11, 4, 21, 24, 21, 4, 21, 11, 16, 10, 29, 6, 20, 1, 6, 11, 1, 20, 16, 24, 11, 21, 1, 24, 10, 11, 24, 10, 29, 21, 4, 8, 4, 16, 24, 6, 20, 9, 24, 16, 24, 9, 6, 29, 8, 29, 20, 21, 9, 20, 24, 21, 21, 16, 8, 4, 11, 9, 24, 11, 29, 21, 11, 20, 20, 11, 8, 9, 4, 11, 11, 6, 4, 8, 10, 1, 20, 10, 8, 16, 10, 10, 9, 29, 29, 20, 4, 1, 24, 11, 10, 4, 11, 11, 21, 1, 11, 29, 10, 11, 20, 21, 11, 16, 4, 24, 4, 24, 16, 1, 20, 29, 16, 6, 6, 8, 4, 11, 20, 8, 9, 11, 10, 4, 9, 16, 21, 6, 9, 21, 11, 24, 11, 20, 1, 9, 1, 8, 6, 10, 6, 16, 6, 11, 11, 10, 16, 16, 16, 11, 24, 20, 1, 21, 8, 11, 21, 16, 8, 1, 1, 24, 10, 16, 1, 16, 1, 29, 1, 21, 1, 20, 6, 20, 9, 21, 24, 20, 29, 10, 21, 21, 21, 6, 6, 8, 20, 10, 24, 21, 21, 21, 6, 4, 11, 6, 11, 21, 10, 9]

p71
time 121.28230452537537
cost 34643
facility state [1, 1, 0, 1, 1, 0, 0, 0, 0, 0, 0, 1, 1, 0, 0, 0, 1, 0, 0, 1, 0, 0, 1, 0, 0, 0, 0, 1, 1, 0]
customer state [11, 19, 0, 27, 16, 12, 16, 27, 22, 27, 4, 28, 3, 1, 28, 27, 1, 3, 22, 0, 11, 16, 1, 27, 1, 27, 27, 28, 4, 0, 19, 19, 4, 16, 27, 12, 3, 3, 16, 16, 27, 3, 12, 4, 3, 19, 3, 16, 19, 28, 27, 16, 22, 16, 3, 12, 11, 4, 22, 11, 4, 0, 11, 3, 3, 11, 0, 19, 12, 12, 22, 12, 12, 4, 0, 1, 3, 0, 3, 27, 1, 0, 19, 11, 4, 1, 19, 0, 27, 11, 28, 19, 11, 11, 0, 3, 11, 12, 0, 28, 28, 16, 12, 11, 4, 27, 4, 27, 22, 3, 19, 4, 27, 12, 12, 3, 28, 11, 28, 3, 19, 11, 28, 19, 4, 16, 0, 11, 19, 0, 28, 27, 11, 1, 1, 19, 3, 3, 28, 0, 12, 22, 11, 11, 11, 0, 27, 16, 27, 12, 27, 0, 1, 0, 3, 11, 16, 16, 3, 1, 1, 27, 1, 27, 0, 27, 1, 4, 1, 16, 1, 3, 28, 19, 19, 16, 0, 0, 4, 3, 1, 16, 0, 28, 12, 3, 28, 3, 27, 16, 22, 16, 19, 4, 11, 12, 11, 16, 3, 19]

